run_id: 2:393179743639:2048787733393
id: 2
s: 393179743639
p: 2048787733393
N: 805541835786187619637127
Nmin: 5000
Mmax: 5500
W: 1
depth: 8
timelimit_sec: 9900
phase: running
roots_found: 2
fractions_tested: 6905855
unique_fractions: 6905856
elapsed_seconds: 5975.083230
first_root_elapsed: 2702.339883
last_fraction_started: 1275/6520837
last_level_started: 8
last_fraction_new_root: 99/495752
last_level_new_root: 8
