run_id: 2:406837347793:2138068485451
id: 2
s: 406837347793
p: 2138068485451
N: 869846112020681247459643
Nmin: 5000
Mmax: 5500
W: 1
depth: 8
timelimit_sec: 9900
phase: finished
status_hint: TIMEOUT_WITH_ROOTS
stopped_reason_hint: timeout_with_roots
roots_found: 8
fractions_tested: 10008985
unique_fractions: 10008985
elapsed_seconds: 9900.000048
first_root_elapsed: 14.744900
last_fraction_started: 647/3390659
last_level_started: 8
last_fraction_new_root: 740/3858813
last_level_new_root: 8
